$ANSIBLE_VAULT;1.1;AES256
34376166356536643034326666306334343135303761303265616330626235643865303633306630
3339643231646336643236666665623830343466643239360a643232663365323931656566643534
39363061623239303239343662643037633437373235643033313538343634383537376237386362
3937376661626631630a316533633263636365346137343361333532356264343638353732633338
63313035323137353466613035353632343238656361363265663537313963383662646162613361
62643234383931376363386262376161343530656163336133313137623365663938336532313863
36396634626634633037326262376130636633306364323736366539333638306534653537653362
31323762636163643966663136336331636363373038653637636432613832646231643463626366
33393632636130336338616163313631313336343033666234653438633637363134366364383334
61643933653532383933353663616634366465356135393536363062373665316230376133306531
34366363666364643730636162353339393066336465336537653166383932613735623265346164
62333630653038356139363862656430613234376462626663323135386666306161306530373562
34616330323461633738666438626262303537363232303531633334303463363235303332643136
39353664336562306463336538373062373361303331663564303063383766666166393637613631
37393363333163326633326533663635653933643334343563626362356237333330623232306435
35326562306136306631
