$ANSIBLE_VAULT;1.1;AES256
65343365333465336462333230303064366164636431623064616538376535666235663763653030
3761316632396232333964363265626339613233663665380a396333616661653535303365376462
32663631336565396239333634653839356431643966616566653136353461333666313633626261
6533333866663564310a376133643638346235643631663766366662363830613631303939346136
38313239383964326534363332613361653136366636623132303235616133386333343233323361
66663932396130346462396261316664303465396431393138353665656362303564623764323837
35386365363861616132396137303366373036396466396638383861633761613162303338636434
32646131343934613164333231306633333433363230613532643037393966333862636362663939
66396638383937303630643732376366346130666164303833356436643066343365636361333766
30626232316364613734373534663638396564343134626164353061313266353863393033356131
33333064613534386361663165383233656438326361346237393030303831623665343739366334
38313835343433656162346462333736643232646437333039653561383431653865656233653562
31396566633731393033383863353566653839333362323431653939613830323463636263376434
31363362316536356637363432323533363030333433306132666337623162653562373934336239
62363162393064663935313863313639656238306463623731376166643037653730346134383933
35373562306266666464323136306637353664303235303362343433313962373963643231653137
33353665663863316566316138613562343166623135303862646230626265346365303935633337
32306539363537393461346263303739373563363339376339666661333337393435333138326666
32653830356132326533643164346531343833393934623365363562643664376136623539393566
65613465393934346465626564363238386635623539646164373434623561383861346466393030
35653361303861396264636137383939623166656530666162663333346261393465383031323635
63383564646464316530656465303531366339306565653833313537363238633131336635373138
63386366306431333931386635313333386561356466346462366633303031346230633138663333
63356163613931666334316330653030316362643637656538383033363336383465353134363835
38366330613665396137386461326238613939376130306162666535366335616237
